[R16Add]
1 2 3 4 5 6 7 8 9 10 11 12 13 14 15 16 
2 5 6 7 9 10 11 12 1 13 14 15 3 4 16 8 
3 6 1 8 10 2 12 4 13 5 15 7 9 16 11 14 
4 7 8 5 11 12 9 10 14 15 1 13 16 2 3 6 
5 9 10 11 1 13 14 15 2 3 4 16 6 7 8 12 
6 10 2 12 13 5 15 7 3 9 16 11 1 8 14 4 
7 11 12 9 14 15 1 13 4 16 2 3 8 5 6 10 
8 12 4 10 15 7 13 5 16 11 3 9 14 6 1 2 
9 1 13 14 2 3 4 16 5 6 7 8 10 11 12 15 
10 13 5 15 3 9 16 11 6 1 8 14 2 12 4 7 
11 14 15 1 4 16 2 3 7 8 5 6 12 9 10 13 
12 15 7 13 16 11 3 9 8 14 6 1 4 10 2 5 
13 3 9 16 6 1 8 14 10 2 12 4 5 15 7 11 
14 4 16 2 7 8 5 6 11 12 9 10 15 1 13 3 
15 16 11 3 8 14 6 1 12 4 10 2 7 13 5 9 
16 8 14 6 12 4 10 2 15 7 13 5 11 3 9 1 
[R16Mul]
1 1 1 1 1 1 1 1 1 1 1 1 1 1 1 1 
1 5 1 5 1 5 1 5 5 1 5 1 5 1 5 1 
1 5 5 5 1 1 1 1 5 5 5 5 1 1 1 5 
1 1 1 1 1 1 1 1 1 1 1 1 1 1 1 1 
1 1 1 1 1 1 1 1 1 1 1 1 1 1 1 1 
1 1 5 1 1 5 1 5 1 5 1 5 5 1 5 5 
1 5 1 5 1 5 1 5 5 1 5 1 5 1 5 1 
1 5 5 5 1 1 1 1 5 5 5 5 1 1 1 5 
1 5 1 5 1 5 1 5 5 1 5 1 5 1 5 1 
1 5 5 5 1 1 1 1 5 5 5 5 1 1 1 5 
1 1 1 1 1 1 1 1 1 1 1 1 1 1 1 1 
1 1 5 1 1 5 1 5 1 5 1 5 5 1 5 5 
1 1 5 1 1 5 1 5 1 5 1 5 5 1 5 5 
1 5 1 5 1 5 1 5 5 1 5 1 5 1 5 1 
1 5 5 5 1 1 1 1 5 5 5 5 1 1 1 5 
1 1 5 1 1 5 1 5 1 5 1 5 5 1 5 5 
