[R81Add]
1 2 3 4 5 6 7 8 9 10 11 12 13 14 15 16 17 18 19 20 21 22 23 24 25 26 27 28 29 30 31 32 33 34 35 36 37 38 39 40 41 42 43 44 45 46 47 48 49 50 51 52 53 54 55 56 57 58 59 60 61 62 63 64 65 66 67 68 69 70 71 72 73 74 75 76 77 78 79 80 81 
2 6 8 9 13 7 14 15 16 17 18 19 26 32 21 25 33 34 35 27 36 41 42 28 37 1 44 45 46 47 48 5 38 39 40 49 50 51 52 53 54 55 56 3 4 61 62 63 20 24 67 68 69 59 60 70 64 65 71 72 10 11 12 74 75 76 29 30 31 73 77 78 79 22 23 80 57 58 81 43 66 
3 8 10 11 20 15 21 17 18 7 22 23 27 36 33 34 14 41 42 29 38 25 43 30 39 44 46 47 1 57 58 49 32 54 55 51 52 5 59 60 37 56 40 61 62 2 64 65 67 68 13 71 72 50 70 53 4 66 24 73 6 74 75 9 76 12 26 77 78 69 28 79 31 16 80 19 45 81 48 35 63 
4 9 11 12 24 16 25 18 19 22 23 5 28 37 34 35 41 42 13 30 39 43 20 31 40 45 47 48 57 58 7 50 54 55 26 52 53 59 60 1 56 27 29 62 63 64 65 14 68 69 71 72 2 70 44 46 66 21 73 3 74 75 32 76 36 38 77 78 6 61 79 8 10 80 49 51 81 15 17 67 33 
5 13 20 24 7 26 1 27 28 29 30 31 14 2 44 45 46 47 48 21 3 57 58 25 4 32 36 37 38 39 40 6 61 62 63 8 9 10 11 12 64 65 66 49 50 51 52 53 15 16 17 18 19 74 75 76 59 60 22 23 67 68 69 71 72 73 33 34 35 80 41 42 43 77 78 79 54 55 56 81 70 
6 7 15 16 26 14 32 21 25 33 34 35 1 5 36 37 38 39 40 44 49 54 55 45 50 2 3 4 61 62 63 13 51 52 53 20 24 67 68 69 59 60 70 8 9 10 11 12 27 28 29 30 31 71 72 73 74 75 77 78 17 18 19 22 23 80 46 47 48 79 57 58 81 41 42 43 64 65 66 56 76 
7 14 21 25 1 32 5 36 37 38 39 40 2 13 49 50 51 52 53 3 20 59 60 4 24 6 8 9 10 11 12 26 67 68 69 27 28 29 30 31 71 72 73 15 16 17 18 19 44 45 46 47 48 77 78 79 22 23 57 58 33 34 35 41 42 43 61 62 63 81 64 65 66 54 55 56 74 75 76 70 80 
8 15 17 18 27 21 36 33 34 14 41 42 44 49 38 39 32 54 55 46 51 37 56 47 52 3 61 62 2 64 65 20 5 59 60 67 68 13 71 72 50 70 53 10 11 6 74 75 29 30 26 77 78 24 73 69 9 76 28 79 7 22 23 16 80 19 1 57 58 31 45 81 48 25 43 35 4 66 63 40 12 
9 16 18 19 28 25 37 34 35 41 42 13 45 50 39 40 54 55 26 47 52 56 27 48 53 4 62 63 64 65 14 24 59 60 1 68 69 71 72 2 70 44 46 11 12 74 75 32 30 31 77 78 6 73 3 61 76 36 79 8 22 23 5 80 49 51 57 58 7 10 81 15 17 43 20 67 66 21 33 29 38 
10 17 7 22 29 33 38 14 41 21 25 43 46 51 32 54 36 37 56 1 5 39 40 57 59 61 2 64 3 4 66 67 49 50 70 13 71 20 24 73 52 53 60 6 74 8 9 76 26 77 27 28 79 68 69 72 11 12 30 31 15 16 80 18 19 23 44 45 81 78 47 48 58 34 35 42 62 63 65 55 75 
11 18 22 23 30 34 39 41 42 25 43 20 47 52 54 55 37 56 27 57 59 40 29 58 60 62 64 65 4 66 21 68 50 70 44 71 72 24 73 3 53 46 1 74 75 9 76 36 77 78 28 79 8 69 61 2 12 38 31 10 16 80 49 19 51 5 45 81 15 6 48 17 7 35 67 13 63 33 14 26 32 
12 19 23 5 31 35 40 42 13 43 20 24 48 53 55 26 56 27 28 58 60 29 30 7 1 63 65 14 66 21 25 69 70 44 45 72 2 73 3 4 46 47 57 75 32 76 36 37 78 6 79 8 9 61 62 64 38 39 10 11 80 49 50 51 52 59 81 15 16 74 17 18 22 67 68 71 33 34 41 77 54 
13 26 27 28 14 1 2 44 45 46 47 48 32 6 3 4 61 62 63 36 8 64 65 37 9 5 49 50 51 52 53 7 10 11 12 15 16 17 18 19 74 75 76 20 24 67 68 69 21 25 33 34 35 22 23 80 71 72 41 42 29 30 31 77 78 79 38 39 40 43 54 55 56 57 58 81 59 60 70 66 73 
14 32 36 37 2 5 13 49 50 51 52 53 6 26 20 24 67 68 69 8 27 71 72 9 28 7 15 16 17 18 19 1 29 30 31 44 45 46 47 48 77 78 79 21 25 33 34 35 3 4 61 62 63 57 58 81 41 42 64 65 38 39 40 54 55 56 10 11 12 66 74 75 76 59 60 70 22 23 80 73 43 
15 21 33 34 44 36 49 38 39 32 54 55 3 20 51 52 5 59 60 61 67 50 70 62 68 8 10 11 6 74 75 27 13 71 72 29 30 26 77 78 24 73 69 17 18 7 22 23 46 47 1 57 58 28 79 31 16 80 45 81 14 41 42 25 43 35 2 64 65 48 4 66 63 37 56 40 9 76 12 53 19 
16 25 34 35 45 37 50 39 40 54 55 26 4 24 52 53 59 60 1 62 68 70 44 63 69 9 11 12 74 75 32 28 71 72 2 30 31 77 78 6 73 3 61 18 19 22 23 5 47 48 57 58 7 79 8 10 80 49 81 15 41 42 13 43 20 67 64 65 14 17 66 21 33 56 27 29 76 36 38 46 51 
17 33 14 41 46 38 51 32 54 36 37 56 61 67 5 59 49 50 70 2 13 52 53 64 71 10 6 74 8 9 76 29 20 24 73 26 77 27 28 79 68 69 72 7 22 15 16 80 1 57 44 45 81 30 31 78 18 19 47 48 21 25 43 34 35 42 3 4 66 58 62 63 65 39 40 55 11 12 75 60 23 
18 34 41 42 47 39 52 54 55 37 56 27 62 68 59 60 50 70 44 64 71 53 46 65 72 11 74 75 9 76 36 30 24 73 3 77 78 28 79 8 69 61 2 22 23 16 80 49 57 58 45 81 15 31 10 6 19 51 48 17 25 43 20 35 67 13 4 66 21 7 63 33 14 40 29 26 12 38 32 1 5 
19 35 42 13 48 40 53 55 26 56 27 28 63 69 60 1 70 44 45 65 72 46 47 14 2 12 75 32 76 36 37 31 73 3 4 78 6 79 8 9 61 62 64 23 5 80 49 50 58 7 81 15 16 10 11 74 51 52 17 18 43 20 24 67 68 71 66 21 25 22 33 34 41 29 30 77 38 39 54 57 59 
20 27 29 30 21 44 3 46 47 1 57 58 36 8 61 62 2 64 65 38 10 4 66 39 11 49 51 52 5 59 60 15 6 74 75 17 18 7 22 23 9 76 12 67 68 13 71 72 33 34 14 41 42 16 80 19 24 73 25 43 26 77 78 28 79 31 32 54 55 35 37 56 40 45 81 48 50 70 53 63 69 
21 36 38 39 3 49 20 51 52 5 59 60 8 27 67 68 13 71 72 10 29 24 73 11 30 15 17 18 7 22 23 44 26 77 78 46 47 1 57 58 28 79 31 33 34 14 41 42 61 62 2 64 65 45 81 48 25 43 4 66 32 54 55 37 56 40 6 74 75 63 9 76 12 50 70 53 16 80 19 69 35 
22 41 25 43 57 54 59 37 56 39 40 29 64 71 50 70 52 53 46 4 24 60 1 66 73 74 9 76 11 12 38 77 68 69 61 28 79 30 31 10 72 2 3 16 80 18 19 51 45 81 47 48 17 78 6 8 23 5 58 7 34 35 67 42 13 20 62 63 33 15 65 14 21 55 26 27 75 32 36 44 49 
23 42 43 20 58 55 60 56 27 40 29 30 65 72 70 44 53 46 47 66 73 1 57 21 3 75 76 36 12 38 39 78 69 61 62 79 8 31 10 11 2 64 4 80 49 19 51 52 81 15 48 17 18 6 74 9 5 59 7 22 35 67 68 13 71 24 63 33 34 16 14 41 25 26 77 28 32 54 37 45 50 
24 28 30 31 25 45 4 47 48 57 58 7 37 9 62 63 64 65 14 39 11 66 21 40 12 50 52 53 59 60 1 16 74 75 32 18 19 22 23 5 76 36 38 68 69 71 72 2 34 35 41 42 13 80 49 51 73 3 43 20 77 78 6 79 8 10 54 55 26 67 56 27 29 81 15 17 70 44 46 33 61 
25 37 39 40 4 50 24 52 53 59 60 1 9 28 68 69 71 72 2 11 30 73 3 12 31 16 18 19 22 23 5 45 77 78 6 47 48 57 58 7 79 8 10 34 35 41 42 13 62 63 64 65 14 81 15 17 43 20 66 21 54 55 26 56 27 29 74 75 32 33 76 36 38 70 44 46 80 49 51 61 67 
26 1 44 45 32 2 6 3 4 61 62 63 5 7 8 9 10 11 12 49 15 74 75 50 16 13 20 24 67 68 69 14 17 18 19 21 25 33 34 35 22 23 80 27 28 29 30 31 36 37 38 39 40 41 42 43 77 78 54 55 46 47 48 57 58 81 51 52 53 56 59 60 70 64 65 66 71 72 73 76 79 
27 44 46 47 36 3 8 61 62 2 64 65 49 15 10 11 6 74 75 51 17 9 76 52 18 20 67 68 13 71 72 21 7 22 23 33 34 14 41 42 16 80 19 29 30 26 77 78 38 39 32 54 55 25 43 35 28 79 37 56 1 57 58 45 81 48 5 59 60 40 50 70 53 4 66 63 24 73 69 12 31 
28 45 47 48 37 4 9 62 63 64 65 14 50 16 11 12 74 75 32 52 18 76 36 53 19 24 68 69 71 72 2 25 22 23 5 34 35 41 42 13 80 49 51 30 31 77 78 6 39 40 54 55 26 43 20 67 79 8 56 27 57 58 7 81 15 17 59 60 1 29 70 44 46 66 21 33 73 3 61 38 10 
29 46 1 57 38 61 10 2 64 3 4 66 51 17 6 74 8 9 76 5 7 11 12 59 22 67 13 71 20 24 73 33 15 16 80 14 41 21 25 43 18 19 23 26 77 27 28 79 32 54 36 37 56 34 35 42 30 31 39 40 44 45 81 47 48 58 49 50 70 55 52 53 60 62 63 65 68 69 72 75 78 
30 47 57 58 39 62 11 64 65 4 66 21 52 18 74 75 9 76 36 59 22 12 38 60 23 68 71 72 24 73 3 34 16 80 49 41 42 25 43 20 19 51 5 77 78 28 79 8 54 55 37 56 27 35 67 13 31 10 40 29 45 81 15 48 17 7 50 70 44 26 53 46 1 63 33 14 69 61 2 32 6 
31 48 58 7 40 63 12 65 14 66 21 25 53 19 75 32 76 36 37 60 23 38 39 1 5 69 72 2 73 3 4 35 80 49 50 42 13 43 20 24 51 52 59 78 6 79 8 9 55 26 56 27 28 67 68 71 10 11 29 30 81 15 16 17 18 22 70 44 45 77 46 47 57 33 34 41 61 62 64 54 74 
32 5 49 50 6 13 26 20 24 67 68 69 7 1 27 28 29 30 31 15 44 77 78 16 45 14 21 25 33 34 35 2 46 47 48 3 4 61 62 63 57 58 81 36 37 38 39 40 8 9 10 11 12 64 65 66 54 55 74 75 51 52 53 59 60 70 17 18 19 76 22 23 80 71 72 73 41 42 43 79 56 
33 38 32 54 61 51 67 5 59 49 50 70 10 29 13 71 20 24 73 6 26 68 69 74 77 17 7 22 15 16 80 46 27 28 79 1 57 44 45 81 30 31 78 14 41 21 25 43 2 64 3 4 66 47 48 58 34 35 62 63 36 37 56 39 40 55 8 9 76 65 11 12 75 52 53 60 18 19 23 72 42 
34 39 54 55 62 52 68 59 60 50 70 44 11 30 71 72 24 73 3 74 77 69 61 75 78 18 22 23 16 80 49 47 28 79 8 57 58 45 81 15 31 10 6 41 42 25 43 20 64 65 4 66 21 48 17 7 35 67 63 33 37 56 27 40 29 26 9 76 36 14 12 38 32 53 46 1 19 51 5 2 13 
35 40 55 26 63 53 69 60 1 70 44 45 12 31 72 2 73 3 4 75 78 61 62 32 6 19 23 5 80 49 50 48 79 8 9 58 7 81 15 16 10 11 74 42 13 43 20 24 65 14 66 21 25 17 18 22 67 68 33 34 56 27 28 29 30 77 76 36 37 41 38 39 54 46 47 57 51 52 59 64 71 
36 49 51 52 8 20 27 67 68 13 71 72 15 44 29 30 26 77 78 17 46 28 79 18 47 21 33 34 14 41 42 3 1 57 58 61 62 2 64 65 45 81 48 38 39 32 54 55 10 11 6 74 75 4 66 63 37 56 9 76 5 59 60 50 70 53 7 22 23 12 16 80 19 24 73 69 25 43 35 31 40 
37 50 52 53 9 24 28 68 69 71 72 2 16 45 30 31 77 78 6 18 47 79 8 19 48 25 34 35 41 42 13 4 57 58 7 62 63 64 65 14 81 15 17 39 40 54 55 26 11 12 74 75 32 66 21 33 56 27 76 36 59 60 1 70 44 46 22 23 5 38 80 49 51 73 3 61 43 20 67 10 29 
38 51 5 59 10 67 29 13 71 20 24 73 17 46 26 77 27 28 79 7 1 30 31 22 57 33 14 41 21 25 43 61 44 45 81 2 64 3 4 66 47 48 58 32 54 36 37 56 6 74 8 9 76 62 63 65 39 40 11 12 49 50 70 52 53 60 15 16 80 75 18 19 23 68 69 72 34 35 42 78 55 
39 52 59 60 11 68 30 71 72 24 73 3 18 47 77 78 28 79 8 22 57 31 10 23 58 34 41 42 25 43 20 62 45 81 15 64 65 4 66 21 48 17 7 54 55 37 56 27 74 75 9 76 36 63 33 14 40 29 12 38 50 70 44 53 46 1 16 80 49 32 19 51 5 69 61 2 35 67 13 6 26 
40 53 60 1 12 69 31 72 2 73 3 4 19 48 78 6 79 8 9 23 58 10 11 5 7 35 42 13 43 20 24 63 81 15 16 65 14 66 21 25 17 18 22 55 26 56 27 28 75 32 76 36 37 33 34 41 29 30 38 39 70 44 45 46 47 57 80 49 50 54 51 52 59 61 62 64 67 68 71 74 77 
41 54 37 56 64 59 71 50 70 52 53 46 74 77 24 73 68 69 61 9 28 72 2 76 79 22 16 80 18 19 51 57 30 31 10 45 81 47 48 17 78 6 8 25 43 34 35 67 4 66 62 63 33 58 7 15 42 13 65 14 39 40 29 55 26 27 11 12 38 21 75 32 36 60 1 44 23 5 49 3 20 
42 55 56 27 65 60 72 70 44 53 46 47 75 78 73 3 69 61 62 76 79 2 64 36 8 23 80 49 19 51 52 58 31 10 11 81 15 48 17 18 6 74 9 43 20 35 67 68 66 21 63 33 34 7 22 16 13 71 14 41 40 29 30 26 77 28 12 38 39 25 32 54 37 1 57 45 5 59 50 4 24 
43 56 40 29 66 70 73 53 46 60 1 57 76 79 69 61 72 2 64 12 31 3 4 38 10 80 19 51 23 5 59 81 78 6 74 48 17 58 7 22 8 9 11 35 67 42 13 71 63 33 65 14 41 15 16 18 20 24 21 25 55 26 77 27 28 30 75 32 54 34 36 37 39 44 45 47 49 50 52 62 68 
44 3 61 62 49 8 15 10 11 6 74 75 20 21 17 18 7 22 23 67 33 16 80 68 34 27 29 30 26 77 78 36 14 41 42 38 39 32 54 55 25 43 35 46 47 1 57 58 51 52 5 59 60 37 56 40 45 81 50 70 2 64 65 4 66 63 13 71 72 53 24 73 69 9 76 12 28 79 31 19 48 
45 4 62 63 50 9 16 11 12 74 75 32 24 25 18 19 22 23 5 68 34 80 49 69 35 28 30 31 77 78 6 37 41 42 13 39 40 54 55 26 43 20 67 47 48 57 58 7 52 53 59 60 1 56 27 29 81 15 70 44 64 65 14 66 21 33 71 72 2 46 73 3 61 76 36 38 79 8 10 51 17 
46 61 2 64 51 10 17 6 74 8 9 76 67 33 7 22 15 16 80 13 14 18 19 71 41 29 26 77 27 28 79 38 21 25 43 32 54 36 37 56 34 35 42 1 57 44 45 81 5 59 49 50 70 39 40 55 47 48 52 53 3 4 66 62 63 65 20 24 73 60 68 69 72 11 12 75 30 31 78 23 58 
47 62 64 65 52 11 18 74 75 9 76 36 68 34 22 23 16 80 49 71 41 19 51 72 42 30 77 78 28 79 8 39 25 43 20 54 55 37 56 27 35 67 13 57 58 45 81 15 59 60 50 70 44 40 29 26 48 17 53 46 4 66 21 63 33 14 24 73 3 1 69 61 2 12 38 32 31 10 6 5 7 
48 63 65 14 53 12 19 75 32 76 36 37 69 35 23 5 80 49 50 72 42 51 52 2 13 31 78 6 79 8 9 40 43 20 24 55 26 56 27 28 67 68 71 58 7 81 15 16 60 1 70 44 45 29 30 77 17 18 46 47 66 21 25 33 34 41 73 3 4 57 61 62 64 38 39 54 10 11 74 59 22 
49 20 67 68 15 27 44 29 30 26 77 78 21 3 46 47 1 57 58 33 61 45 81 34 62 36 38 39 32 54 55 8 2 64 65 10 11 6 74 75 4 66 63 51 52 5 59 60 17 18 7 22 23 9 76 12 50 70 16 80 13 71 72 24 73 69 14 41 42 19 25 43 35 28 79 31 37 56 40 48 53 
50 24 68 69 16 28 45 30 31 77 78 6 25 4 47 48 57 58 7 34 62 81 15 35 63 37 39 40 54 55 26 9 64 65 14 11 12 74 75 32 66 21 33 52 53 59 60 1 18 19 22 23 5 76 36 38 70 44 80 49 71 72 2 73 3 61 41 42 13 51 43 20 67 79 8 10 56 27 29 17 46 
51 67 13 71 17 29 46 26 77 27 28 79 33 61 1 57 44 45 81 14 2 47 48 41 64 38 32 54 36 37 56 10 3 4 66 6 74 8 9 76 62 63 65 5 59 49 50 70 7 22 15 16 80 11 12 75 52 53 18 19 20 24 73 68 69 72 21 25 43 23 34 35 42 30 31 78 39 40 55 58 60 
52 68 71 72 18 30 47 77 78 28 79 8 34 62 57 58 45 81 15 41 64 48 17 42 65 39 54 55 37 56 27 11 4 66 21 74 75 9 76 36 63 33 14 59 60 50 70 44 22 23 16 80 49 12 38 32 53 46 19 51 24 73 3 69 61 2 25 43 20 5 35 67 13 31 10 6 40 29 26 7 1 
53 69 72 2 19 31 48 78 6 79 8 9 35 63 58 7 81 15 16 42 65 17 18 13 14 40 55 26 56 27 28 12 66 21 25 75 32 76 36 37 33 34 41 60 1 70 44 45 23 5 80 49 50 38 39 54 46 47 51 52 73 3 4 61 62 64 43 20 24 59 67 68 71 10 11 74 29 30 77 22 57 
54 59 50 70 74 71 77 24 73 68 69 61 22 57 28 79 30 31 10 16 45 78 6 80 81 41 25 43 34 35 67 64 47 48 17 4 66 62 63 33 58 7 15 37 56 39 40 29 9 76 11 12 38 65 14 21 55 26 75 32 52 53 46 60 1 44 18 19 51 36 23 5 49 72 2 3 42 13 20 8 27 
55 60 70 44 75 72 78 73 3 69 61 62 23 58 79 8 31 10 11 80 81 6 74 49 15 42 43 20 35 67 68 65 48 17 18 66 21 63 33 34 7 22 16 56 27 40 29 30 76 36 12 38 39 14 41 25 26 77 32 54 53 46 47 1 57 45 19 51 52 37 5 59 50 2 64 4 13 71 24 9 28 
56 70 53 46 76 73 79 69 61 72 2 64 80 81 31 10 78 6 74 19 48 8 9 51 17 43 35 67 42 13 71 66 58 7 22 63 33 65 14 41 15 16 18 40 29 55 26 77 12 38 75 32 54 21 25 34 27 28 36 37 60 1 57 44 45 47 23 5 59 39 49 50 52 3 4 62 20 24 68 11 30 
57 64 4 66 59 74 22 9 76 11 12 38 71 41 16 80 18 19 51 24 25 23 5 73 43 77 28 79 30 31 10 54 34 35 67 37 56 39 40 29 42 13 20 45 81 47 48 17 50 70 52 53 46 55 26 27 58 7 60 1 62 63 33 65 14 21 68 69 61 44 72 2 3 75 32 36 78 6 8 49 15 
58 65 66 21 60 75 23 76 36 12 38 39 72 42 80 49 19 51 52 73 43 5 59 3 20 78 79 8 31 10 11 55 35 67 68 56 27 40 29 30 13 71 24 81 15 48 17 18 70 44 53 46 47 26 77 28 7 22 1 57 63 33 34 14 41 25 69 61 62 45 2 64 4 32 54 37 6 74 9 50 16 
59 71 24 73 22 77 57 28 79 30 31 10 41 64 45 81 47 48 17 25 4 58 7 43 66 54 37 56 39 40 29 74 62 63 33 9 76 11 12 38 65 14 21 50 70 52 53 46 16 80 18 19 51 75 32 36 60 1 23 5 68 69 61 72 2 3 34 35 67 49 42 13 20 78 6 8 55 26 27 15 44 
60 72 73 3 23 78 58 79 8 31 10 11 42 65 81 15 48 17 18 43 66 7 22 20 21 55 56 27 40 29 30 75 63 33 34 76 36 12 38 39 14 41 25 70 44 53 46 47 80 49 19 51 52 32 54 37 1 57 5 59 69 61 62 2 64 4 35 67 68 50 13 71 24 6 74 9 26 77 28 16 45 
61 10 6 74 67 17 33 7 22 15 16 80 29 38 14 41 21 25 43 26 32 34 35 77 54 46 1 57 44 45 81 51 36 37 56 5 59 49 50 70 39 40 55 2 64 3 4 66 13 71 20 24 73 52 53 60 62 63 68 69 8 9 76 11 12 75 27 28 79 72 30 31 78 18 19 23 47 48 58 42 65 
62 11 74 75 68 18 34 22 23 16 80 49 30 39 41 42 25 43 20 77 54 35 67 78 55 47 57 58 45 81 15 52 37 56 27 59 60 50 70 44 40 29 26 64 65 4 66 21 71 72 24 73 3 53 46 1 63 33 69 61 9 76 36 12 38 32 28 79 8 2 31 10 6 19 51 5 48 17 7 13 14 
63 12 75 32 69 19 35 23 5 80 49 50 31 40 42 13 43 20 24 78 55 67 68 6 26 48 58 7 81 15 16 53 56 27 28 60 1 70 44 45 29 30 77 65 14 66 21 25 72 2 73 3 4 46 47 57 33 34 61 62 76 36 37 38 39 54 79 8 9 64 10 11 74 51 52 59 17 18 22 71 41 
64 74 9 76 71 22 41 16 80 18 19 51 77 54 25 43 34 35 67 28 37 42 13 79 56 57 45 81 47 48 17 59 39 40 29 50 70 52 53 46 55 26 27 4 66 62 63 33 24 73 68 69 61 60 1 44 65 14 72 2 11 12 38 75 32 36 30 31 10 3 78 6 8 23 5 49 58 7 15 20 21 
65 75 76 36 72 23 42 80 49 19 51 52 78 55 43 20 35 67 68 79 56 13 71 8 27 58 81 15 48 17 18 60 40 29 30 70 44 53 46 47 26 77 28 66 21 63 33 34 73 3 69 61 62 1 57 45 14 41 2 64 12 38 39 32 54 37 31 10 11 4 6 74 9 5 59 50 7 22 16 24 25 
66 76 12 38 73 80 43 19 51 23 5 59 79 56 35 67 42 13 71 31 40 20 24 10 29 81 48 17 58 7 22 70 55 26 77 53 46 60 1 57 27 28 30 63 33 65 14 41 69 61 72 2 64 44 45 47 21 25 3 4 75 32 54 36 37 39 78 6 74 62 8 9 11 49 50 52 15 16 18 68 34 
67 29 26 77 33 46 61 1 57 44 45 81 38 10 2 64 3 4 66 32 6 62 63 54 74 51 5 59 49 50 70 17 8 9 76 7 22 15 16 80 11 12 75 13 71 20 24 73 14 41 21 25 43 18 19 23 68 69 34 35 27 28 79 30 31 78 36 37 56 42 39 40 55 47 48 58 52 53 60 65 72 
68 30 77 78 34 47 62 57 58 45 81 15 39 11 64 65 4 66 21 54 74 63 33 55 75 52 59 60 50 70 44 18 9 76 36 22 23 16 80 49 12 38 32 71 72 24 73 3 41 42 25 43 20 19 51 5 69 61 35 67 28 79 8 31 10 6 37 56 27 13 40 29 26 48 17 7 53 46 1 14 2 
69 31 78 6 35 48 63 58 7 81 15 16 40 12 65 14 66 21 25 55 75 33 34 26 32 53 60 1 70 44 45 19 76 36 37 23 5 80 49 50 38 39 54 72 2 73 3 4 42 13 43 20 24 51 52 59 61 62 67 68 79 8 9 10 11 74 56 27 28 71 29 30 77 17 18 22 46 47 57 41 64 
70 73 69 61 80 79 81 31 10 78 6 74 43 66 48 17 58 7 22 35 63 15 16 67 33 56 40 29 55 26 77 76 65 14 41 12 38 75 32 54 21 25 34 53 46 60 1 57 19 51 23 5 59 36 37 39 44 45 49 50 72 2 64 3 4 62 42 13 71 52 20 24 68 8 9 11 27 28 30 18 47 
71 77 28 79 41 57 64 45 81 47 48 17 54 74 4 66 62 63 33 37 9 65 14 56 76 59 50 70 52 53 46 22 11 12 38 16 80 18 19 51 75 32 36 24 73 68 69 61 25 43 34 35 67 23 5 49 72 2 42 13 30 31 10 78 6 8 39 40 29 20 55 26 27 58 7 15 60 1 44 21 3 
72 78 79 8 42 58 65 81 15 48 17 18 55 75 66 21 63 33 34 56 76 14 41 27 36 60 70 44 53 46 47 23 12 38 39 80 49 19 51 52 32 54 37 73 3 69 61 62 43 20 35 67 68 5 59 50 2 64 13 71 31 10 11 6 74 9 40 29 30 24 26 77 28 7 22 16 1 57 45 25 4 
73 79 31 10 43 81 66 48 17 58 7 22 56 76 63 33 65 14 41 40 12 21 25 29 38 70 53 46 60 1 57 80 75 32 54 19 51 23 5 59 36 37 39 69 61 72 2 64 35 67 42 13 71 49 50 52 3 4 20 24 78 6 74 8 9 11 55 26 77 68 27 28 30 15 16 18 44 45 47 34 62 
74 22 16 80 77 41 54 25 43 34 35 67 57 59 37 56 39 40 29 45 50 55 26 81 70 64 4 66 62 63 33 71 52 53 46 24 73 68 69 61 60 1 44 9 76 11 12 38 28 79 30 31 10 72 2 3 75 32 78 6 18 19 51 23 5 49 47 48 17 8 58 7 15 42 13 20 65 14 21 27 36 
75 23 80 49 78 42 55 43 20 35 67 68 58 60 56 27 40 29 30 81 70 26 77 15 44 65 66 21 63 33 34 72 53 46 47 73 3 69 61 62 1 57 45 76 36 12 38 39 79 8 31 10 11 2 64 4 32 54 6 74 19 51 52 5 59 50 48 17 18 9 7 22 16 13 71 24 14 41 25 28 37 
76 80 19 51 79 43 56 35 67 42 13 71 81 70 40 29 55 26 77 48 53 27 28 17 46 66 63 33 65 14 41 73 60 1 57 69 61 72 2 64 44 45 47 12 38 75 32 54 31 10 78 6 74 3 4 62 36 37 8 9 23 5 59 49 50 52 58 7 22 11 15 16 18 20 24 68 21 25 34 30 39 
77 57 45 81 54 64 74 4 66 62 63 33 59 22 9 76 11 12 38 50 16 75 32 70 80 71 24 73 68 69 61 41 18 19 51 25 43 34 35 67 23 5 49 28 79 30 31 10 37 56 39 40 29 42 13 20 78 6 55 26 47 48 17 58 7 15 52 53 46 27 60 1 44 65 14 21 72 2 3 36 8 
78 58 81 15 55 65 75 66 21 63 33 34 60 23 76 36 12 38 39 70 80 32 54 44 49 72 73 3 69 61 62 42 19 51 52 43 20 35 67 68 5 59 50 79 8 31 10 11 56 27 40 29 30 13 71 24 6 74 26 77 48 17 18 7 22 16 53 46 47 28 1 57 45 14 41 25 2 64 4 37 9 
79 81 48 17 56 66 76 63 33 65 14 41 70 80 12 38 75 32 54 53 19 36 37 46 51 73 69 61 72 2 64 43 23 5 59 35 67 42 13 71 49 50 52 31 10 78 6 74 40 29 55 26 77 20 24 68 8 9 27 28 58 7 22 15 16 18 60 1 57 30 44 45 47 21 25 34 3 4 62 39 11 
80 43 35 67 81 56 70 40 29 55 26 77 66 73 53 46 60 1 57 63 69 44 45 33 61 76 12 38 75 32 54 79 72 2 64 31 10 78 6 74 3 4 62 19 51 23 5 59 48 17 58 7 22 8 9 11 49 50 15 16 42 13 71 20 24 68 65 14 41 18 21 25 34 27 28 30 36 37 39 47 52 
81 66 63 33 70 76 80 12 38 75 32 54 73 43 19 51 23 5 59 69 35 49 50 61 67 79 31 10 78 6 74 56 42 13 71 40 29 55 26 77 20 24 68 48 17 58 7 22 53 46 60 1 57 27 28 30 15 16 44 45 65 14 41 21 25 34 72 2 64 47 3 4 62 36 37 39 8 9 11 52 18 
[R81Mul]
1 1 1 1 1 1 1 1 1 1 1 1 1 1 1 1 1 1 1 1 1 1 1 1 1 1 1 1 1 1 1 1 1 1 1 1 1 1 1 1 1 1 1 1 1 1 1 1 1 1 1 1 1 1 1 1 1 1 1 1 1 1 1 1 1 1 1 1 1 1 1 1 1 1 1 1 1 1 1 1 1 
1 5 7 7 1 7 1 1 1 5 5 5 5 5 5 5 7 7 7 7 7 1 1 7 7 7 1 1 5 5 5 7 1 1 1 1 1 5 5 5 5 5 7 5 5 7 7 7 5 5 7 7 7 7 7 1 1 1 1 1 1 1 1 5 5 7 1 1 1 5 5 5 7 7 7 1 7 7 1 5 5 
1 7 7 5 1 5 1 5 1 5 1 7 7 7 1 7 1 7 5 7 7 7 5 5 5 5 5 1 5 1 7 5 7 5 1 5 1 5 1 7 5 1 1 1 7 1 7 5 1 7 1 7 5 1 7 7 7 5 7 5 7 5 1 5 1 1 7 5 1 5 5 1 1 1 7 7 1 7 7 5 5 
1 1 1 1 1 1 1 1 1 1 1 1 1 1 1 1 1 1 1 1 1 1 1 1 1 1 1 1 1 1 1 1 1 1 1 1 1 1 1 1 1 1 1 1 1 1 1 1 1 1 1 1 1 1 1 1 1 1 1 1 1 1 1 1 1 1 1 1 1 1 1 1 1 1 1 1 1 1 1 1 1 
1 1 1 1 1 1 1 1 1 1 1 1 1 1 1 1 1 1 1 1 1 1 1 1 1 1 1 1 1 1 1 1 1 1 1 1 1 1 1 1 1 1 1 1 1 1 1 1 1 1 1 1 1 1 1 1 1 1 1 1 1 1 1 1 1 1 1 1 1 1 1 1 1 1 1 1 1 1 1 1 1 
1 7 5 5 1 5 1 1 1 7 7 7 7 7 7 7 5 5 5 5 5 1 1 5 5 5 1 1 7 7 7 5 1 1 1 1 1 7 7 7 7 7 5 7 7 5 5 5 7 7 5 5 5 5 5 1 1 1 1 1 1 1 1 7 7 5 1 1 1 7 7 7 5 5 5 1 5 5 1 7 7 
1 1 1 1 1 1 1 1 1 1 1 1 1 1 1 1 1 1 1 1 1 1 1 1 1 1 1 1 1 1 1 1 1 1 1 1 1 1 1 1 1 1 1 1 1 1 1 1 1 1 1 1 1 1 1 1 1 1 1 1 1 1 1 1 1 1 1 1 1 1 1 1 1 1 1 1 1 1 1 1 1 
1 1 5 1 1 1 1 5 1 7 5 1 1 1 5 1 7 5 1 5 5 7 5 1 1 1 5 1 7 5 1 1 7 5 1 5 1 7 5 1 7 5 7 5 1 7 5 1 5 1 7 5 1 7 5 7 7 5 7 5 7 5 1 7 5 7 7 5 1 7 7 5 7 7 5 7 7 5 7 7 7 
1 5 7 7 1 7 1 1 1 5 5 5 5 5 5 5 7 7 7 7 7 1 1 7 7 7 1 1 5 5 5 7 1 1 1 1 1 5 5 5 5 5 7 5 5 7 7 7 5 5 7 7 7 7 7 1 1 1 1 1 1 1 1 5 5 7 1 1 1 5 5 5 7 7 7 1 7 7 1 5 5 
1 5 5 7 1 7 1 7 1 7 1 5 5 5 1 5 1 5 7 5 5 5 7 7 7 7 7 1 7 1 5 7 5 7 1 7 1 7 1 5 7 1 1 1 5 1 5 7 1 5 1 5 7 1 5 5 5 7 5 7 5 7 1 7 1 1 5 7 1 7 7 1 1 1 5 5 1 5 5 7 7 
1 7 7 5 1 5 1 5 1 5 1 7 7 7 1 7 1 7 5 7 7 7 5 5 5 5 5 1 5 1 7 5 7 5 1 5 1 5 1 7 5 1 1 1 7 1 7 5 1 7 1 7 5 1 7 7 7 5 7 5 7 5 1 5 1 1 7 5 1 5 5 1 1 1 7 7 1 7 7 5 5 
1 1 1 1 1 1 1 1 1 1 1 1 1 1 1 1 1 1 1 1 1 1 1 1 1 1 1 1 1 1 1 1 1 1 1 1 1 1 1 1 1 1 1 1 1 1 1 1 1 1 1 1 1 1 1 1 1 1 1 1 1 1 1 1 1 1 1 1 1 1 1 1 1 1 1 1 1 1 1 1 1 
1 5 7 7 1 7 1 1 1 5 5 5 5 5 5 5 7 7 7 7 7 1 1 7 7 7 1 1 5 5 5 7 1 1 1 1 1 5 5 5 5 5 7 5 5 7 7 7 5 5 7 7 7 7 7 1 1 1 1 1 1 1 1 5 5 7 1 1 1 5 5 5 7 7 7 1 7 7 1 5 5 
1 5 7 7 1 7 1 1 1 5 5 5 5 5 5 5 7 7 7 7 7 1 1 7 7 7 1 1 5 5 5 7 1 1 1 1 1 5 5 5 5 5 7 5 5 7 7 7 5 5 7 7 7 7 7 1 1 1 1 1 1 1 1 5 5 7 1 1 1 5 5 5 7 7 7 1 7 7 1 5 5 
1 5 1 7 1 7 1 5 1 1 7 5 5 5 7 5 5 1 7 1 1 7 5 7 7 7 5 1 1 7 5 7 7 5 1 5 1 1 7 5 1 7 5 7 5 5 1 7 7 5 5 1 7 5 1 7 7 5 7 5 7 5 1 1 7 5 7 5 1 1 1 7 5 5 1 7 5 1 7 1 1 
1 7 5 5 1 5 1 1 1 7 7 7 7 7 7 7 5 5 5 5 5 1 1 5 5 5 1 1 7 7 7 5 1 1 1 1 1 7 7 7 7 7 5 7 7 5 5 5 7 7 5 5 5 5 5 1 1 1 1 1 1 1 1 7 7 5 1 1 1 7 7 7 5 5 5 1 5 5 1 7 7 
1 7 1 5 1 5 1 7 1 1 5 7 7 7 5 7 7 1 5 1 1 5 7 5 5 5 7 1 1 5 7 5 5 7 1 7 1 1 5 7 1 5 7 5 7 7 1 5 5 7 7 1 5 7 1 5 5 7 5 7 5 7 1 1 5 7 5 7 1 1 1 5 7 7 1 5 7 1 5 1 1 
1 1 5 1 1 1 1 5 1 7 5 1 1 1 5 1 7 5 1 5 5 7 5 1 1 1 5 1 7 5 1 1 7 5 1 5 1 7 5 1 7 5 7 5 1 7 5 1 5 1 7 5 1 7 5 7 7 5 7 5 7 5 1 7 5 7 7 5 1 7 7 5 7 7 5 7 7 5 7 7 7 
1 5 7 7 1 7 1 1 1 5 5 5 5 5 5 5 7 7 7 7 7 1 1 7 7 7 1 1 5 5 5 7 1 1 1 1 1 5 5 5 5 5 7 5 5 7 7 7 5 5 7 7 7 7 7 1 1 1 1 1 1 1 1 5 5 7 1 1 1 5 5 5 7 7 7 1 7 7 1 5 5 
1 7 7 5 1 5 1 5 1 5 1 7 7 7 1 7 1 7 5 7 7 7 5 5 5 5 5 1 5 1 7 5 7 5 1 5 1 5 1 7 5 1 1 1 7 1 7 5 1 7 1 7 5 1 7 7 7 5 7 5 7 5 1 5 1 1 7 5 1 5 5 1 1 1 7 7 1 7 7 5 5 
1 7 7 5 1 5 1 5 1 5 1 7 7 7 1 7 1 7 5 7 7 7 5 5 5 5 5 1 5 1 7 5 7 5 1 5 1 5 1 7 5 1 1 1 7 1 7 5 1 7 1 7 5 1 7 7 7 5 7 5 7 5 1 5 1 1 7 5 1 5 5 1 1 1 7 7 1 7 7 5 5 
1 5 5 7 1 7 1 7 1 7 1 5 5 5 1 5 1 5 7 5 5 5 7 7 7 7 7 1 7 1 5 7 5 7 1 7 1 7 1 5 7 1 1 1 5 1 5 7 1 5 1 5 7 1 5 5 5 7 5 7 5 7 1 7 1 1 5 7 1 7 7 1 1 1 5 5 1 5 5 7 7 
1 7 7 5 1 5 1 5 1 5 1 7 7 7 1 7 1 7 5 7 7 7 5 5 5 5 5 1 5 1 7 5 7 5 1 5 1 5 1 7 5 1 1 1 7 1 7 5 1 7 1 7 5 1 7 7 7 5 7 5 7 5 1 5 1 1 7 5 1 5 5 1 1 1 7 7 1 7 7 5 5 
1 1 1 1 1 1 1 1 1 1 1 1 1 1 1 1 1 1 1 1 1 1 1 1 1 1 1 1 1 1 1 1 1 1 1 1 1 1 1 1 1 1 1 1 1 1 1 1 1 1 1 1 1 1 1 1 1 1 1 1 1 1 1 1 1 1 1 1 1 1 1 1 1 1 1 1 1 1 1 1 1 
1 1 1 1 1 1 1 1 1 1 1 1 1 1 1 1 1 1 1 1 1 1 1 1 1 1 1 1 1 1 1 1 1 1 1 1 1 1 1 1 1 1 1 1 1 1 1 1 1 1 1 1 1 1 1 1 1 1 1 1 1 1 1 1 1 1 1 1 1 1 1 1 1 1 1 1 1 1 1 1 1 
1 7 5 5 1 5 1 1 1 7 7 7 7 7 7 7 5 5 5 5 5 1 1 5 5 5 1 1 7 7 7 5 1 1 1 1 1 7 7 7 7 7 5 7 7 5 5 5 7 7 5 5 5 5 5 1 1 1 1 1 1 1 1 7 7 5 1 1 1 7 7 7 5 5 5 1 5 5 1 7 7 
1 1 5 1 1 1 1 5 1 7 5 1 1 1 5 1 7 5 1 5 5 7 5 1 1 1 5 1 7 5 1 1 7 5 1 5 1 7 5 1 7 5 7 5 1 7 5 1 5 1 7 5 1 7 5 7 7 5 7 5 7 5 1 7 5 7 7 5 1 7 7 5 7 7 5 7 7 5 7 7 7 
1 5 7 7 1 7 1 1 1 5 5 5 5 5 5 5 7 7 7 7 7 1 1 7 7 7 1 1 5 5 5 7 1 1 1 1 1 5 5 5 5 5 7 5 5 7 7 7 5 5 7 7 7 7 7 1 1 1 1 1 1 1 1 5 5 7 1 1 1 5 5 5 7 7 7 1 7 7 1 5 5 
1 5 5 7 1 7 1 7 1 7 1 5 5 5 1 5 1 5 7 5 5 5 7 7 7 7 7 1 7 1 5 7 5 7 1 7 1 7 1 5 7 1 1 1 5 1 5 7 1 5 1 5 7 1 5 5 5 7 5 7 5 7 1 7 1 1 5 7 1 7 7 1 1 1 5 5 1 5 5 7 7 
1 7 7 5 1 5 1 5 1 5 1 7 7 7 1 7 1 7 5 7 7 7 5 5 5 5 5 1 5 1 7 5 7 5 1 5 1 5 1 7 5 1 1 1 7 1 7 5 1 7 1 7 5 1 7 7 7 5 7 5 7 5 1 5 1 1 7 5 1 5 5 1 1 1 7 7 1 7 7 5 5 
1 1 1 1 1 1 1 1 1 1 1 1 1 1 1 1 1 1 1 1 1 1 1 1 1 1 1 1 1 1 1 1 1 1 1 1 1 1 1 1 1 1 1 1 1 1 1 1 1 1 1 1 1 1 1 1 1 1 1 1 1 1 1 1 1 1 1 1 1 1 1 1 1 1 1 1 1 1 1 1 1 
1 7 5 5 1 5 1 1 1 7 7 7 7 7 7 7 5 5 5 5 5 1 1 5 5 5 1 1 7 7 7 5 1 1 1 1 1 7 7 7 7 7 5 7 7 5 5 5 7 7 5 5 5 5 5 1 1 1 1 1 1 1 1 7 7 5 1 1 1 7 7 7 5 5 5 1 5 5 1 7 7 
1 1 7 1 1 1 1 7 1 5 7 1 1 1 7 1 5 7 1 7 7 5 7 1 1 1 7 1 5 7 1 1 5 7 1 7 1 5 7 1 5 7 5 7 1 5 7 1 7 1 5 7 1 5 7 5 5 7 5 7 5 7 1 5 7 5 5 7 1 5 5 7 5 5 7 5 5 7 5 5 5 
1 5 1 7 1 7 1 5 1 1 7 5 5 5 7 5 5 1 7 1 1 7 5 7 7 7 5 1 1 7 5 7 7 5 1 5 1 1 7 5 1 7 5 7 5 5 1 7 7 5 5 1 7 5 1 7 7 5 7 5 7 5 1 1 7 5 7 5 1 1 1 7 5 5 1 7 5 1 7 1 1 
1 7 5 5 1 5 1 1 1 7 7 7 7 7 7 7 5 5 5 5 5 1 1 5 5 5 1 1 7 7 7 5 1 1 1 1 1 7 7 7 7 7 5 7 7 5 5 5 7 7 5 5 5 5 5 1 1 1 1 1 1 1 1 7 7 5 1 1 1 7 7 7 5 5 5 1 5 5 1 7 7 
1 1 5 1 1 1 1 5 1 7 5 1 1 1 5 1 7 5 1 5 5 7 5 1 1 1 5 1 7 5 1 1 7 5 1 5 1 7 5 1 7 5 7 5 1 7 5 1 5 1 7 5 1 7 5 7 7 5 7 5 7 5 1 7 5 7 7 5 1 7 7 5 7 7 5 7 7 5 7 7 7 
1 5 7 7 1 7 1 1 1 5 5 5 5 5 5 5 7 7 7 7 7 1 1 7 7 7 1 1 5 5 5 7 1 1 1 1 1 5 5 5 5 5 7 5 5 7 7 7 5 5 7 7 7 7 7 1 1 1 1 1 1 1 1 5 5 7 1 1 1 5 5 5 7 7 7 1 7 7 1 5 5 
1 5 5 7 1 7 1 7 1 7 1 5 5 5 1 5 1 5 7 5 5 5 7 7 7 7 7 1 7 1 5 7 5 7 1 7 1 7 1 5 7 1 1 1 5 1 5 7 1 5 1 5 7 1 5 5 5 7 5 7 5 7 1 7 1 1 5 7 1 7 7 1 1 1 5 5 1 5 5 7 7 
1 7 7 5 1 5 1 5 1 5 1 7 7 7 1 7 1 7 5 7 7 7 5 5 5 5 5 1 5 1 7 5 7 5 1 5 1 5 1 7 5 1 1 1 7 1 7 5 1 7 1 7 5 1 7 7 7 5 7 5 7 5 1 5 1 1 7 5 1 5 5 1 1 1 7 7 1 7 7 5 5 
1 1 1 1 1 1 1 1 1 1 1 1 1 1 1 1 1 1 1 1 1 1 1 1 1 1 1 1 1 1 1 1 1 1 1 1 1 1 1 1 1 1 1 1 1 1 1 1 1 1 1 1 1 1 1 1 1 1 1 1 1 1 1 1 1 1 1 1 1 1 1 1 1 1 1 1 1 1 1 1 1 
1 7 1 5 1 5 1 7 1 1 5 7 7 7 5 7 7 1 5 1 1 5 7 5 5 5 7 1 1 5 7 5 5 7 1 7 1 1 5 7 1 5 7 5 7 7 1 5 5 7 7 1 5 7 1 5 5 7 5 7 5 7 1 1 5 7 5 7 1 1 1 5 7 7 1 5 7 1 5 1 1 
1 1 5 1 1 1 1 5 1 7 5 1 1 1 5 1 7 5 1 5 5 7 5 1 1 1 5 1 7 5 1 1 7 5 1 5 1 7 5 1 7 5 7 5 1 7 5 1 5 1 7 5 1 7 5 7 7 5 7 5 7 5 1 7 5 7 7 5 1 7 7 5 7 7 5 7 7 5 7 7 7 
1 5 5 7 1 7 1 7 1 7 1 5 5 5 1 5 1 5 7 5 5 5 7 7 7 7 7 1 7 1 5 7 5 7 1 7 1 7 1 5 7 1 1 1 5 1 5 7 1 5 1 5 7 1 5 5 5 7 5 7 5 7 1 7 1 1 5 7 1 7 7 1 1 1 5 5 1 5 5 7 7 
1 5 1 7 1 7 1 5 1 1 7 5 5 5 7 5 5 1 7 1 1 7 5 7 7 7 5 1 1 7 5 7 7 5 1 5 1 1 7 5 1 7 5 7 5 5 1 7 7 5 5 1 7 5 1 7 7 5 7 5 7 5 1 1 7 5 7 5 1 1 1 7 5 5 1 7 5 1 7 1 1 
1 7 5 5 1 5 1 1 1 7 7 7 7 7 7 7 5 5 5 5 5 1 1 5 5 5 1 1 7 7 7 5 1 1 1 1 1 7 7 7 7 7 5 7 7 5 5 5 7 7 5 5 5 5 5 1 1 1 1 1 1 1 1 7 7 5 1 1 1 7 7 7 5 5 5 1 5 5 1 7 7 
1 7 1 5 1 5 1 7 1 1 5 7 7 7 5 7 7 1 5 1 1 5 7 5 5 5 7 1 1 5 7 5 5 7 1 7 1 1 5 7 1 5 7 5 7 7 1 5 5 7 7 1 5 7 1 5 5 7 5 7 5 7 1 1 5 7 5 7 1 1 1 5 7 7 1 5 7 1 5 1 1 
1 1 5 1 1 1 1 5 1 7 5 1 1 1 5 1 7 5 1 5 5 7 5 1 1 1 5 1 7 5 1 1 7 5 1 5 1 7 5 1 7 5 7 5 1 7 5 1 5 1 7 5 1 7 5 7 7 5 7 5 7 5 1 7 5 7 7 5 1 7 7 5 7 7 5 7 7 5 7 7 7 
1 5 7 7 1 7 1 1 1 5 5 5 5 5 5 5 7 7 7 7 7 1 1 7 7 7 1 1 5 5 5 7 1 1 1 1 1 5 5 5 5 5 7 5 5 7 7 7 5 5 7 7 7 7 7 1 1 1 1 1 1 1 1 5 5 7 1 1 1 5 5 5 7 7 7 1 7 7 1 5 5 
1 5 1 7 1 7 1 5 1 1 7 5 5 5 7 5 5 1 7 1 1 7 5 7 7 7 5 1 1 7 5 7 7 5 1 5 1 1 7 5 1 7 5 7 5 5 1 7 7 5 5 1 7 5 1 7 7 5 7 5 7 5 1 1 7 5 7 5 1 1 1 7 5 5 1 7 5 1 7 1 1 
1 7 5 5 1 5 1 1 1 7 7 7 7 7 7 7 5 5 5 5 5 1 1 5 5 5 1 1 7 7 7 5 1 1 1 1 1 7 7 7 7 7 5 7 7 5 5 5 7 7 5 5 5 5 5 1 1 1 1 1 1 1 1 7 7 5 1 1 1 7 7 7 5 5 5 1 5 5 1 7 7 
1 7 1 5 1 5 1 7 1 1 5 7 7 7 5 7 7 1 5 1 1 5 7 5 5 5 7 1 1 5 7 5 5 7 1 7 1 1 5 7 1 5 7 5 7 7 1 5 5 7 7 1 5 7 1 5 5 7 5 7 5 7 1 1 5 7 5 7 1 1 1 5 7 7 1 5 7 1 5 1 1 
1 1 5 1 1 1 1 5 1 7 5 1 1 1 5 1 7 5 1 5 5 7 5 1 1 1 5 1 7 5 1 1 7 5 1 5 1 7 5 1 7 5 7 5 1 7 5 1 5 1 7 5 1 7 5 7 7 5 7 5 7 5 1 7 5 7 7 5 1 7 7 5 7 7 5 7 7 5 7 7 7 
1 5 7 7 1 7 1 1 1 5 5 5 5 5 5 5 7 7 7 7 7 1 1 7 7 7 1 1 5 5 5 7 1 1 1 1 1 5 5 5 5 5 7 5 5 7 7 7 5 5 7 7 7 7 7 1 1 1 1 1 1 1 1 5 5 7 1 1 1 5 5 5 7 7 7 1 7 7 1 5 5 
1 1 7 1 1 1 1 7 1 5 7 1 1 1 7 1 5 7 1 7 7 5 7 1 1 1 7 1 5 7 1 1 5 7 1 7 1 5 7 1 5 7 5 7 1 5 7 1 7 1 5 7 1 5 7 5 5 7 5 7 5 7 1 5 7 5 5 7 1 5 5 7 5 5 7 5 5 7 5 5 5 
1 5 1 7 1 7 1 5 1 1 7 5 5 5 7 5 5 1 7 1 1 7 5 7 7 7 5 1 1 7 5 7 7 5 1 5 1 1 7 5 1 7 5 7 5 5 1 7 7 5 5 1 7 5 1 7 7 5 7 5 7 5 1 1 7 5 7 5 1 1 1 7 5 5 1 7 5 1 7 1 1 
1 7 1 5 1 5 1 7 1 1 5 7 7 7 5 7 7 1 5 1 1 5 7 5 5 5 7 1 1 5 7 5 5 7 1 7 1 1 5 7 1 5 7 5 7 7 1 5 5 7 7 1 5 7 1 5 5 7 5 7 5 7 1 1 5 7 5 7 1 1 1 5 7 7 1 5 7 1 5 1 1 
1 5 5 7 1 7 1 7 1 7 1 5 5 5 1 5 1 5 7 5 5 5 7 7 7 7 7 1 7 1 5 7 5 7 1 7 1 7 1 5 7 1 1 1 5 1 5 7 1 5 1 5 7 1 5 5 5 7 5 7 5 7 1 7 1 1 5 7 1 7 7 1 1 1 5 5 1 5 5 7 7 
1 7 7 5 1 5 1 5 1 5 1 7 7 7 1 7 1 7 5 7 7 7 5 5 5 5 5 1 5 1 7 5 7 5 1 5 1 5 1 7 5 1 1 1 7 1 7 5 1 7 1 7 5 1 7 7 7 5 7 5 7 5 1 5 1 1 7 5 1 5 5 1 1 1 7 7 1 7 7 5 5 
1 5 5 7 1 7 1 7 1 7 1 5 5 5 1 5 1 5 7 5 5 5 7 7 7 7 7 1 7 1 5 7 5 7 1 7 1 7 1 5 7 1 1 1 5 1 5 7 1 5 1 5 7 1 5 5 5 7 5 7 5 7 1 7 1 1 5 7 1 7 7 1 1 1 5 5 1 5 5 7 7 
1 7 7 5 1 5 1 5 1 5 1 7 7 7 1 7 1 7 5 7 7 7 5 5 5 5 5 1 5 1 7 5 7 5 1 5 1 5 1 7 5 1 1 1 7 1 7 5 1 7 1 7 5 1 7 7 7 5 7 5 7 5 1 5 1 1 7 5 1 5 5 1 1 1 7 7 1 7 7 5 5 
1 1 7 1 1 1 1 7 1 5 7 1 1 1 7 1 5 7 1 7 7 5 7 1 1 1 7 1 5 7 1 1 5 7 1 7 1 5 7 1 5 7 5 7 1 5 7 1 7 1 5 7 1 5 7 5 5 7 5 7 5 7 1 5 7 5 5 7 1 5 5 7 5 5 7 5 5 7 5 5 5 
1 5 1 7 1 7 1 5 1 1 7 5 5 5 7 5 5 1 7 1 1 7 5 7 7 7 5 1 1 7 5 7 7 5 1 5 1 1 7 5 1 7 5 7 5 5 1 7 7 5 5 1 7 5 1 7 7 5 7 5 7 5 1 1 7 5 7 5 1 1 1 7 5 5 1 7 5 1 7 1 1 
1 7 5 5 1 5 1 1 1 7 7 7 7 7 7 7 5 5 5 5 5 1 1 5 5 5 1 1 7 7 7 5 1 1 1 1 1 7 7 7 7 7 5 7 7 5 5 5 7 7 5 5 5 5 5 1 1 1 1 1 1 1 1 7 7 5 1 1 1 7 7 7 5 5 5 1 5 5 1 7 7 
1 7 1 5 1 5 1 7 1 1 5 7 7 7 5 7 7 1 5 1 1 5 7 5 5 5 7 1 1 5 7 5 5 7 1 7 1 1 5 7 1 5 7 5 7 7 1 5 5 7 7 1 5 7 1 5 5 7 5 7 5 7 1 1 5 7 5 7 1 1 1 5 7 7 1 5 7 1 5 1 1 
1 1 5 1 1 1 1 5 1 7 5 1 1 1 5 1 7 5 1 5 5 7 5 1 1 1 5 1 7 5 1 1 7 5 1 5 1 7 5 1 7 5 7 5 1 7 5 1 5 1 7 5 1 7 5 7 7 5 7 5 7 5 1 7 5 7 7 5 1 7 7 5 7 7 5 7 7 5 7 7 7 
1 5 5 7 1 7 1 7 1 7 1 5 5 5 1 5 1 5 7 5 5 5 7 7 7 7 7 1 7 1 5 7 5 7 1 7 1 7 1 5 7 1 1 1 5 1 5 7 1 5 1 5 7 1 5 5 5 7 5 7 5 7 1 7 1 1 5 7 1 7 7 1 1 1 5 5 1 5 5 7 7 
1 1 7 1 1 1 1 7 1 5 7 1 1 1 7 1 5 7 1 7 7 5 7 1 1 1 7 1 5 7 1 1 5 7 1 7 1 5 7 1 5 7 5 7 1 5 7 1 7 1 5 7 1 5 7 5 5 7 5 7 5 7 1 5 7 5 5 7 1 5 5 7 5 5 7 5 5 7 5 5 5 
1 5 1 7 1 7 1 5 1 1 7 5 5 5 7 5 5 1 7 1 1 7 5 7 7 7 5 1 1 7 5 7 7 5 1 5 1 1 7 5 1 7 5 7 5 5 1 7 7 5 5 1 7 5 1 7 7 5 7 5 7 5 1 1 7 5 7 5 1 1 1 7 5 5 1 7 5 1 7 1 1 
1 7 5 5 1 5 1 1 1 7 7 7 7 7 7 7 5 5 5 5 5 1 1 5 5 5 1 1 7 7 7 5 1 1 1 1 1 7 7 7 7 7 5 7 7 5 5 5 7 7 5 5 5 5 5 1 1 1 1 1 1 1 1 7 7 5 1 1 1 7 7 7 5 5 5 1 5 5 1 7 7 
1 1 7 1 1 1 1 7 1 5 7 1 1 1 7 1 5 7 1 7 7 5 7 1 1 1 7 1 5 7 1 1 5 7 1 7 1 5 7 1 5 7 5 7 1 5 7 1 7 1 5 7 1 5 7 5 5 7 5 7 5 7 1 5 7 5 5 7 1 5 5 7 5 5 7 5 5 7 5 5 5 
1 7 1 5 1 5 1 7 1 1 5 7 7 7 5 7 7 1 5 1 1 5 7 5 5 5 7 1 1 5 7 5 5 7 1 7 1 1 5 7 1 5 7 5 7 7 1 5 5 7 7 1 5 7 1 5 5 7 5 7 5 7 1 1 5 7 5 7 1 1 1 5 7 7 1 5 7 1 5 1 1 
1 1 5 1 1 1 1 5 1 7 5 1 1 1 5 1 7 5 1 5 5 7 5 1 1 1 5 1 7 5 1 1 7 5 1 5 1 7 5 1 7 5 7 5 1 7 5 1 5 1 7 5 1 7 5 7 7 5 7 5 7 5 1 7 5 7 7 5 1 7 7 5 7 7 5 7 7 5 7 7 7 
1 5 5 7 1 7 1 7 1 7 1 5 5 5 1 5 1 5 7 5 5 5 7 7 7 7 7 1 7 1 5 7 5 7 1 7 1 7 1 5 7 1 1 1 5 1 5 7 1 5 1 5 7 1 5 5 5 7 5 7 5 7 1 7 1 1 5 7 1 7 7 1 1 1 5 5 1 5 5 7 7 
1 1 7 1 1 1 1 7 1 5 7 1 1 1 7 1 5 7 1 7 7 5 7 1 1 1 7 1 5 7 1 1 5 7 1 7 1 5 7 1 5 7 5 7 1 5 7 1 7 1 5 7 1 5 7 5 5 7 5 7 5 7 1 5 7 5 5 7 1 5 5 7 5 5 7 5 5 7 5 5 5 
1 5 1 7 1 7 1 5 1 1 7 5 5 5 7 5 5 1 7 1 1 7 5 7 7 7 5 1 1 7 5 7 7 5 1 5 1 1 7 5 1 7 5 7 5 5 1 7 7 5 5 1 7 5 1 7 7 5 7 5 7 5 1 1 7 5 7 5 1 1 1 7 5 5 1 7 5 1 7 1 1 
1 7 1 5 1 5 1 7 1 1 5 7 7 7 5 7 7 1 5 1 1 5 7 5 5 5 7 1 1 5 7 5 5 7 1 7 1 1 5 7 1 5 7 5 7 7 1 5 5 7 7 1 5 7 1 5 5 7 5 7 5 7 1 1 5 7 5 7 1 1 1 5 7 7 1 5 7 1 5 1 1 
1 1 7 1 1 1 1 7 1 5 7 1 1 1 7 1 5 7 1 7 7 5 7 1 1 1 7 1 5 7 1 1 5 7 1 7 1 5 7 1 5 7 5 7 1 5 7 1 7 1 5 7 1 5 7 5 5 7 5 7 5 7 1 5 7 5 5 7 1 5 5 7 5 5 7 5 5 7 5 5 5 
1 5 1 7 1 7 1 5 1 1 7 5 5 5 7 5 5 1 7 1 1 7 5 7 7 7 5 1 1 7 5 7 7 5 1 5 1 1 7 5 1 7 5 7 5 5 1 7 7 5 5 1 7 5 1 7 7 5 7 5 7 5 1 1 7 5 7 5 1 1 1 7 5 5 1 7 5 1 7 1 1 
1 7 1 5 1 5 1 7 1 1 5 7 7 7 5 7 7 1 5 1 1 5 7 5 5 5 7 1 1 5 7 5 5 7 1 7 1 1 5 7 1 5 7 5 7 7 1 5 5 7 7 1 5 7 1 5 5 7 5 7 5 7 1 1 5 7 5 7 1 1 1 5 7 7 1 5 7 1 5 1 1 
1 1 7 1 1 1 1 7 1 5 7 1 1 1 7 1 5 7 1 7 7 5 7 1 1 1 7 1 5 7 1 1 5 7 1 7 1 5 7 1 5 7 5 7 1 5 7 1 7 1 5 7 1 5 7 5 5 7 5 7 5 7 1 5 7 5 5 7 1 5 5 7 5 5 7 5 5 7 5 5 5 
1 1 7 1 1 1 1 7 1 5 7 1 1 1 7 1 5 7 1 7 7 5 7 1 1 1 7 1 5 7 1 1 5 7 1 7 1 5 7 1 5 7 5 7 1 5 7 1 7 1 5 7 1 5 7 5 5 7 5 7 5 7 1 5 7 5 5 7 1 5 5 7 5 5 7 5 5 7 5 5 5 
